Skewness: -0.08035012667566083
KurtosistestResult(statistic=-28.102509524322016, pvalue=9.128240214226534e-174)
BartlettResult(statistic=3258.5519933048245, pvalue=0.0)
statistics.stdev(data)=2.107184586422582

bins=array([-0.21588669, -0.01015881,  0.19556907,  0.40129695,  0.60702483,
        0.81275271,  1.01848059,  1.22420847,  1.42993635,  1.63566423,
        1.84139211,  2.04711999,  2.25284787,  2.45857575,  2.66430363,
        2.87003151,  3.07575939,  3.28148726,  3.48721514,  3.69294302,
        3.8986709 ,  4.10439878,  4.31012666,  4.51585454,  4.72158242,
        4.9273103 ,  5.13303818,  5.33876606,  5.54449394,  5.75022182,
        5.9559497 ,  6.16167758,  6.36740546,  6.57313334,  6.77886122,
        6.9845891 ,  7.19031698,  7.39604486,  7.60177274,  7.80750062,
        8.01322849,  8.21895637,  8.42468425,  8.63041213,  8.83614001,
        9.04186789,  9.24759577,  9.45332365,  9.65905153,  9.86477941,
       10.07050729]),
frequency=array([ 13,  36,  38,  82,  77, 197, 162, 192, 208, 251, 261, 245, 185,
       199, 201, 275, 296, 335, 297, 357, 277, 303, 292, 297, 363, 349,
       406, 380, 409, 369, 345, 325, 313, 340, 271, 285, 230, 213, 151,
       172, 134,  78,  55,  47,  34,  30,  23,  21,  21,   7])